{
    "precision": 0.771768043979429,
    "recall": 0.555031246014539,
    "fbeta": 0.6456973293768546
}