{
    "precision": 0.8196357174589072,
    "recall": 0.7059048590740977,
    "fbeta": 0.7585309031108675
}