{
    "precision": 0.7128870673952641,
    "recall": 0.7986226246652213,
    "fbeta": 0.7533233082706767
}